Cycle NBalls Mesh size   DOFs   VMULT Time Interior T   Cut T     Ghost T      MPI      Total T   Cells fraction 
    5      1    0.5250 57066625 6.1997e-02 9.0755e-01 0.0000e+00 4.0355e-04 3.7881e-01 1.3164e+00         0.0000 
    5      2    0.5250 57066625 6.0690e-02 9.1018e-01 0.0000e+00 3.6939e-04 3.3783e-01 1.2781e+00         0.0000 
    5      3    0.5250 57021022 8.6072e-02 9.2006e-01 2.1901e-02 4.2959e-03 6.1941e-01 1.5964e+00         0.0006 
    5      4    0.5250 51301855 1.3208e-01 7.7180e-01 3.9334e-01 8.2477e-02 2.8670e+00 4.1421e+00         0.0166 
    5      5    0.5250 43857805 1.6077e-01 6.6887e-01 5.7669e-01 1.2504e-01 2.3328e+00 3.7274e+00         0.0299 
    5      6    0.5250 40045333 1.3180e-01 6.1362e-01 5.8599e-01 1.3245e-01 1.5528e+00 2.9074e+00         0.0347 
    5      7    0.5250 36133426 1.0117e-01 5.4821e-01 7.6013e-01 1.6739e-01 1.5767e+00 3.0737e+00         0.0483 
    5      8    0.5250 27357351 7.9148e-02 4.1376e-01 7.1778e-01 1.5351e-01 1.1684e+00 2.4712e+00         0.0592 
    5      9    0.5250 25243949 1.1974e-01 3.7800e-01 8.3119e-01 1.8237e-01 7.3091e-01 2.1391e+00         0.0754 
    5     10    0.5250 25061469 9.2891e-02 3.6521e-01 1.0933e+00 2.5175e-01 5.7890e-01 2.3055e+00         0.1015 
    5     11    0.5250 20984061 7.4129e-02 3.0027e-01 9.8565e-01 2.2221e-01 7.5693e-01 2.2797e+00         0.1106 
    5     12    0.5250 18590799 1.0567e-01 2.6562e-01 9.9514e-01 2.2505e-01 4.7865e-01 1.9786e+00         0.1237 
    5     13    0.5250 16271395 7.3125e-02 2.2992e-01 9.5061e-01 2.1413e-01 5.2521e-01 1.9334e+00         0.1356 
    5     14    0.5250 16253488 6.6878e-02 2.1894e-01 1.1303e+00 2.6489e-01 4.0778e-01 2.0350e+00         0.1617 
    5     15    0.5250 15166525 1.4251e-01 2.0641e-01 1.1067e+00 2.5029e-01 3.5848e-01 1.9345e+00         0.1698 
    5     16    0.5250 12713237 1.3144e-01 1.6819e-01 9.7416e-01 2.1957e-01 3.6288e-01 1.7365e+00         0.1816 
    5     17    0.5250 11650129 7.6420e-02 1.5675e-01 9.6030e-01 2.1524e-01 4.4894e-01 1.7924e+00         0.1914 
    5     18    0.5250 10622545 4.9754e-02 1.3300e-01 9.2385e-01 2.1941e-01 2.7630e-01 1.5636e+00         0.2132 
    5     19    0.5250  9523280 7.3653e-02 1.1936e-01 8.6771e-01 1.9503e-01 2.3448e-01 1.4267e+00         0.2167 
    5     20    0.5250  8485844 7.4728e-02 1.0457e-01 7.9419e-01 1.7077e-01 1.8309e-01 1.2622e+00         0.2250 
    5     21    0.5250  7801469 1.1369e-01 9.4255e-02 7.7093e-01 1.6884e-01 1.2665e-01 1.1704e+00         0.2383 
    5     22    0.5250  7450500 5.7567e-02 9.4880e-02 7.7328e-01 1.7260e-01 1.6928e-01 1.2203e+00         0.2510 
    5     23    0.5250  6933801 9.1970e-02 7.9606e-02 7.6619e-01 1.7451e-01 1.3429e-01 1.1638e+00         0.2700 
    5     24    0.5250  6822646 7.4569e-02 7.5373e-02 7.9094e-01 1.7716e-01 1.7543e-01 1.2281e+00         0.2856 
    5     25    0.5250  6129445 7.9365e-02 6.8540e-02 7.4171e-01 1.6736e-01 1.3903e-01 1.1256e+00         0.2951 
    5     26    0.5250  5664892 8.1268e-02 6.0563e-02 6.8936e-01 1.4975e-01 1.6365e-01 1.0717e+00         0.2978 
