Cycle NBalls Mesh size  DOFs   VMULT Time Interior T   Cut T     Ghost T      MPI      Total T   Cells fraction 
    5      1    0.5250 2146689 1.0423e-02 1.3745e-01 0.0000e+00 5.5190e-05 1.0203e-01 2.6165e-01         0.0000 
    5      2    0.5250 2146689 6.1757e-03 1.3895e-01 0.0000e+00 5.1277e-05 1.1541e-02 1.7330e-01         0.0000 
    5      3    0.5250 2145000 5.9051e-03 1.3886e-01 9.1183e-04 9.1607e-04 2.2443e-02 1.8588e-01         0.0006 
    5      4    0.5250 1932603 1.3012e-02 1.1992e-01 1.7236e-02 1.9429e-02 1.7578e-01 3.5316e-01         0.0166 
    5      5    0.5250 1655449 1.2238e-02 1.0111e-01 2.5934e-02 2.9784e-02 2.1364e-01 3.8928e-01         0.0298 
    5      6    0.5250 1516864 1.1071e-02 9.0838e-02 2.5935e-02 3.1393e-02 1.2663e-01 2.9219e-01         0.0343 
    5      7    0.5250 1370470 1.0610e-02 8.1622e-02 3.3271e-02 3.9476e-02 1.6688e-01 3.3790e-01         0.0478 
    5      8    0.5250 1041331 7.5970e-03 6.0191e-02 3.0578e-02 3.6031e-02 1.0171e-01 2.4209e-01         0.0587 
    5      9    0.5250  964549 1.1967e-02 5.4649e-02 3.6182e-02 4.2358e-02 1.3194e-01 2.7827e-01         0.0749 
    5     10    0.5250  967986 1.2285e-02 5.2360e-02 4.8519e-02 5.8127e-02 9.2434e-02 2.6484e-01         0.1009 
    5     11    0.5250  813636 9.2713e-03 4.3296e-02 4.3558e-02 5.1306e-02 1.4493e-01 2.9511e-01         0.1097 
    5     12    0.5250  721383 1.0868e-02 3.7932e-02 4.3542e-02 5.1168e-02 7.4313e-02 2.1860e-01         0.1219 
    5     13    0.5250  632375 1.0331e-02 3.3144e-02 4.1220e-02 4.8531e-02 7.3790e-02 2.0748e-01         0.1340 
    5     14    0.5250  637994 7.1121e-03 3.1804e-02 5.0085e-02 5.9244e-02 7.3793e-02 2.2651e-01         0.1604 
    5     15    0.5250  595946 1.4611e-02 2.9283e-02 4.8085e-02 5.7243e-02 8.7974e-02 2.3356e-01         0.1685 
    5     16    0.5250  502775 1.3841e-02 2.3808e-02 4.2611e-02 5.0013e-02 7.9355e-02 2.0564e-01         0.1803 
    5     17    0.5250  460572 1.0116e-02 2.1878e-02 4.1269e-02 4.8364e-02 7.4237e-02 1.9530e-01         0.1891 
    5     18    0.5250  424452 5.4746e-03 1.9121e-02 4.1429e-02 4.8652e-02 4.5572e-02 1.6402e-01         0.2123 
    5     19    0.5250  380663 6.2164e-03 1.7537e-02 3.7491e-02 4.3619e-02 4.5504e-02 1.5436e-01         0.2145 
    5     20    0.5250  340998 1.2605e-02 1.5368e-02 3.8122e-02 4.1376e-02 3.0171e-02 1.3418e-01         0.2238 
    5     21    0.5250  314635 1.1075e-02 1.3547e-02 3.3420e-02 3.7920e-02 3.6806e-02 1.2955e-01         0.2368 
    5     22    0.5250  301490 6.9629e-03 1.2688e-02 3.3264e-02 3.8238e-02 3.3688e-02 1.2552e-01         0.2493 
    5     23    0.5250  282999 8.3046e-03 1.1446e-02 3.3477e-02 3.7733e-02 2.8326e-02 1.1861e-01         0.2684 
    5     24    0.5250  279314 1.3163e-02 1.0976e-02 3.4460e-02 3.9682e-02 3.7902e-02 1.3077e-01         0.2841 
    5     25    0.5250  251428 9.6034e-03 1.0180e-02 3.1738e-02 3.6103e-02 3.1479e-02 1.1668e-01         0.2935 
