Cycle NBalls Mesh size   DOFs   VMULT Time Cells fraction 
    8      1    0.5250  4198401 2.1457e+00         0.0000 
    8      2    0.5250  4198401 2.5659e+00         0.0000 
    8      3    0.5250  4109153 2.0987e+00         0.0082 
    8      4    0.5250  3975633 2.0804e+00         0.0137 
    8      5    0.5250  3863969 2.0993e+00         0.0187 
    8      6    0.5250  3796951 2.1048e+00         0.0249 
    8      7    0.5250  3714187 2.0926e+00         0.0278 
    8     10    0.5250  3588780 2.0753e+00         0.0285 
    8      8    0.5250  3636037 2.1323e+00         0.0307 
    8      9    0.5250  3585153 2.0968e+00         0.0333 
    8     11    0.5250  3540155 2.1092e+00         0.0380 
    8     12    0.5250  3494618 2.1884e+00         0.0400 
    8     14    0.5250  3465319 2.1858e+00         0.0438 
    8     15    0.5250  3441247 2.1629e+00         0.0453 
    8     16    0.5250  3406590 2.0656e+00         0.0470 
    8     18    0.5250  3352037 2.1195e+00         0.0499 
    8     20    0.5250  3343269 2.1235e+00         0.0509 
    8     17    0.5250  3374238 2.0351e+00         0.0534 
    8     13    0.5250  3511765 2.1057e+00         0.0543 
    8     19    0.5250  3335302 2.1055e+00         0.0647 
    8     21    0.5250  3327996 2.1293e+00         0.0661 
    8     25    0.5250  3269378 2.1886e+00         0.0721 
    8     23    0.5250  3290291 2.1124e+00         0.0781 
    8     24    0.5250  3278478 2.2421e+00         0.0840 
    8     22    0.5250  3319854 2.2154e+00         0.0851 
    8     28    0.5250  3232700 2.1012e+00         0.0865 
    8     26    0.5250  3260003 2.1075e+00         0.0944 
    8     29    0.5250  3242957 2.0219e+00         0.0950 
    8     27    0.5250  3260411 2.1021e+00         0.0983 