Cycle NBalls Mesh size   DOFs   VMULT Time Interior T   Cut T     Ghost T      MPI      Total T   Cells fraction 
    5      1    0.5250 16974593 1.7646e-02 3.6160e-01 0.0000e+00 4.4700e-04 1.0840e-01 4.9819e-01         0.0000 
    5      2    0.5250 16974593 2.0880e-02 3.6080e-01 0.0000e+00 4.6012e-04 1.0366e-01 4.9299e-01         0.0000 
    5      3    0.5250 16961081 2.4754e-02 3.7111e-01 7.0870e-03 2.1137e-03 3.1638e-01 7.2426e-01         0.0006 
    5      4    0.5250 15265363 3.2640e-02 3.2495e-01 1.3680e-01 4.0344e-02 1.6429e-01 6.9205e-01         0.0166 
    5      5    0.5250 13056821 2.4056e-02 2.7862e-01 2.0006e-01 6.1313e-02 1.6139e-01 7.2329e-01         0.0298 
    5      6    0.5250 11932405 3.5305e-02 2.5268e-01 2.0534e-01 6.5373e-02 1.3769e-01 6.8177e-01         0.0345 
    5      7    0.5250 10770343 2.3470e-02 2.2659e-01 2.6577e-01 8.1382e-02 1.9017e-01 7.8310e-01         0.0481 
    5      8    0.5250  8161883 1.9952e-02 1.6363e-01 2.4335e-01 7.4865e-02 1.2397e-01 6.2145e-01         0.0590 
    5      9    0.5250  7538542 3.9815e-02 1.5083e-01 2.8674e-01 8.7714e-02 1.0140e-01 6.4178e-01         0.0752 
    5     10    0.5250  7504758 4.0998e-02 1.4560e-01 3.7758e-01 1.2124e-01 8.6023e-02 7.4567e-01         0.1012 
    5     11    0.5250  6289825 2.9228e-02 1.2524e-01 3.5194e-01 1.0563e-01 3.0819e-01 9.0476e-01         0.1102 
    5     12    0.5250  5573686 4.6447e-02 1.0533e-01 3.4207e-01 1.0411e-01 7.5820e-02 6.3985e-01         0.1229 
    5     13    0.5250  4880262 1.9873e-02 9.0026e-02 3.2532e-01 9.9296e-02 8.4929e-02 6.1081e-01         0.1349 
    5     14    0.5250  4887247 2.5098e-02 8.5621e-02 3.8263e-01 1.2383e-01 7.6905e-02 6.8036e-01         0.1612 
    5     15    0.5250  4561683 4.0133e-02 8.0361e-02 3.7845e-01 1.1737e-01 7.6050e-02 6.6321e-01         0.1693 
    5     16    0.5250  3830172 3.3829e-02 6.8052e-02 3.3976e-01 1.0032e-01 6.5818e-02 5.8485e-01         0.1811 
    5     17    0.5250  3509608 4.0581e-02 6.3125e-02 3.2421e-01 9.7084e-02 1.2402e-01 6.1804e-01         0.1905 
    5     18    0.5250  3208710 1.7459e-02 5.7119e-02 3.1805e-01 9.6933e-02 6.6399e-02 5.4807e-01         0.2128 
    5     19    0.5250  2877058 2.2460e-02 4.8744e-02 2.9581e-01 8.7686e-02 7.4106e-02 5.1488e-01         0.2157 
    5     20    0.5250  2567124 2.7633e-02 3.8479e-02 2.6352e-01 8.0244e-02 1.1125e-01 5.0167e-01         0.2246 
    5     21    0.5250  2362293 3.9036e-02 4.1257e-02 2.6518e-01 7.8586e-02 2.7479e-02 4.2041e-01         0.2379 
    5     22    0.5250  2257958 2.6075e-02 3.7153e-02 2.6449e-01 7.8438e-02 4.9519e-02 4.3749e-01         0.2504 
    5     23    0.5250  2106073 3.0766e-02 3.1271e-02 2.6231e-01 8.3590e-02 3.5852e-02 4.2018e-01         0.2696 
    5     24    0.5250  2074067 2.7338e-02 2.8414e-02 2.6226e-01 8.6148e-02 4.7021e-02 4.3109e-01         0.2850 
    5     25    0.5250  1864317 2.6419e-02 2.9589e-02 2.5679e-01 7.4155e-02 3.5886e-02 4.0428e-01         0.2945 
    5     26    0.5250  1725175 2.6716e-02 2.3316e-02 2.2959e-01 7.4673e-02 4.5695e-02 3.7975e-01         0.2971 
    5     27    0.5250  1603447 1.5078e-02 2.1094e-02 2.2132e-01 7.2546e-02 6.5963e-02 3.8811e-01         0.3128 
    5     28    0.5250  1554902 1.8921e-02 2.0175e-02 2.2041e-01 6.7767e-02 3.6521e-02 3.5151e-01         0.3197 
    5     29    0.5250  1433250 2.8762e-02 1.7832e-02 2.1293e-01 6.2875e-02 2.4058e-02 3.2396e-01         0.3328 
    5     30    0.5250  1362568 1.7671e-02 1.6740e-02 2.0391e-01 6.7437e-02 2.5375e-02 3.1969e-01         0.3420 
