Cycle NBalls Mesh size   DOFs   VMULT Time Interior T   Cut T     Ghost T      MPI      Total T   Cells fraction 
    9      1    0.5250  3408214 6.3464e+00 1.3808e+01 1.0827e-01 1.5293e-01 1.3021e+01 3.0617e+01         0.0122 
    9      2    0.5250  1987383 3.7700e+00 7.9056e+00 1.4128e-01 1.9155e-01 5.0553e+01 6.0948e+01         0.0104 
    9      3    0.5250   923108 3.5591e+00 3.6389e+00 8.8719e-02 1.2151e-01 4.8558e+01 5.3567e+01         0.0153 
    9      4    0.5250   842354 2.0684e+00 3.3025e+00 1.3655e-01 1.8135e-01 5.6659e+01 6.1368e+01         0.0294 
    9      5    0.5250   649676 2.0394e+01 2.5579e+00 1.4278e-01 1.8807e-01 5.7682e+01 6.1473e+01         0.0166 
    9      6    0.5250   523267 1.3960e+00 2.0142e+00 1.2610e-01 1.6811e-01 6.2118e+01 6.5199e+01         0.0200 
    9      7    0.5250   496777 3.8961e+00 1.9009e+00 1.6645e-01 2.1909e-01 3.3010e+01 3.6053e+01         0.0239 
    9      8    0.5250   410618 1.5092e+01 1.5644e+00 1.4618e-01 1.9247e-01 3.9060e+01 4.1633e+01         0.0135 
    9      9    0.5250   355638 1.2279e+00 1.3417e+00 1.4178e-01 1.8671e-01 7.3597e+01 7.5883e+01         0.0320 
    9     10    0.5250   327980 2.6681e+00 1.2831e+00 1.5824e-01 2.0476e-01 3.0977e+01 3.3220e+01         0.0262 
    9     11    0.5250   296902 1.0068e+01 1.1207e+00 1.4528e-01 1.8981e-01 3.2516e+01 3.4537e+01         0.0366 
    9     12    0.5250   258765 5.4303e+00 9.8769e-01 1.4376e-01 1.8618e-01 1.7108e+01 1.8957e+01         0.0322 
    9     13    0.5250   243281 1.3743e+01 9.0733e-01 1.3673e-01 1.7797e-01 4.4824e+01 4.6557e+01         0.0382 
    9     14    0.5250   236849 9.9750e-01 8.7376e-01 1.5364e-01 1.9908e-01 6.9505e+01 7.1237e+01         0.0432 
    9     15    0.5250   213490 6.5219e+00 7.8808e-01 1.4674e-01 1.9017e-01 3.7664e+01 3.9275e+01         0.0328 
    9     16    0.5250   202537 6.6245e+00 7.4828e-01 1.4951e-01 1.9378e-01 3.9001e+01 4.0570e+01         0.0380 
    9     17    0.5250   186719 2.1279e+00 7.0701e-01 1.4801e-01 1.8865e-01 2.8743e+01 3.0259e+01         0.0385 
    9     18    0.5250   182206 7.1050e+00 6.8686e-01 1.5522e-01 1.9752e-01 2.0915e+01 2.2425e+01         0.0440 
    9     19    0.5250   173068 9.5554e+00 6.2958e-01 1.4978e-01 1.9233e-01 4.3234e+01 4.4653e+01         0.0504 
    9     20    0.5250   162914 1.4070e+01 5.9252e-01 1.4789e-01 1.8983e-01 3.8962e+01 4.0337e+01         0.0475 
    9     21    0.5250   155992 5.6087e+00 5.6458e-01 1.4887e-01 1.9044e-01 3.7512e+01 3.8849e+01         0.0487 
    9     22    0.5250   141729 1.3952e+01 5.1318e-01 1.3509e-01 1.7163e-01 3.5310e+01 3.6546e+01         0.0550 
    9     23    0.5250   143624 4.8827e+00 5.1500e-01 1.5069e-01 1.9222e-01 3.8336e+01 3.9615e+01         0.0537 
    9     24    0.5250   137847 1.5573e+01 5.0144e-01 1.5312e-01 1.9319e-01 4.3976e+01 4.5245e+01         0.0493 
    9     25    0.5250   131688 5.3953e-01 4.7275e-01 1.4999e-01 1.8995e-01 2.7353e+01 2.8579e+01         0.0594 
    9     26    0.5250   127187 4.5779e+00 4.5469e-01 1.5031e-01 1.8995e-01 2.1932e+01 2.3136e+01         0.0546 
    9     27    0.5250   118662 7.9226e+00 4.2254e-01 1.4470e-01 1.8274e-01 2.9931e+01 3.1080e+01         0.0622 
    9     28    0.5250   117693 8.8466e+00 4.1487e-01 1.4668e-01 1.8518e-01 2.0493e+01 2.1639e+01         0.0552 
    9     29    0.5250   114212 8.8574e+00 4.0257e-01 1.4915e-01 1.8754e-01 2.2208e+01 2.3344e+01         0.0650 
    9     30    0.5250   109548 4.7531e+00 3.8811e-01 1.4600e-01 1.8340e-01 2.2418e+01 2.3527e+01         0.0685 