Cycle NBalls Mesh size   DOFs   VMULT Time Cells fraction 
    8      1    0.5250  9443329 3.9895e+00         0.0000 
    8      2    0.5250  9443329 4.5386e+00         0.0000 
    8      3    0.5250  9242521 4.1004e+00         0.0082 
    8      4    0.5250  9063733 4.0897e+00         0.0137 
    8      5    0.5250  8758456 3.9689e+00         0.0161 
    8      6    0.5250  8482237 3.8222e+00         0.0249 
    8      7    0.5250  8454811 3.9546e+00         0.0278 
    8      8    0.5250  8325608 3.8669e+00         0.0324 
    8      9    0.5250  8063521 3.8050e+00         0.0333 
    8     10    0.5250  8044397 3.8715e+00         0.0357 
    8     13    0.5250  7958827 3.8142e+00         0.0420 
    8     11    0.5250  7978379 3.8853e+00         0.0429 
    8     14    0.5250  7823022 3.7862e+00         0.0438 
    8     15    0.5250  7634689 3.8446e+00         0.0453 
    8     16    0.5250  7587853 3.7910e+00         0.0470 
    8     17    0.5250  7625248 3.7993e+00         0.0487 
    8     19    0.5250  7488910 3.9541e+00         0.0512 
    8     12    0.5250  7884452 3.8198e+00         0.0519 
    8     21    0.5250  7403053 3.8822e+00         0.0539 
    8     18    0.5250  7526851 3.7719e+00         0.0543 
    8     23    0.5250  7360744 3.7831e+00         0.0559 
    8     25    0.5250  7351813 3.8571e+00         0.0581 
    8     27    0.5250  7300309 3.7593e+00         0.0604 
    8     26    0.5250  7302987 3.7207e+00         0.0640 
    8     20    0.5250  7512871 3.8689e+00         0.0713 
    8     24    0.5250  7366072 3.8378e+00         0.0797 
    8     22    0.5250  7407693 3.9664e+00         0.0854 
    8     28    0.5250  7298563 3.8285e+00         0.0866 
    8     29    0.5250  7267002 3.7314e+00         0.0880