Cycle NBalls Mesh size   DOFs   VMULT Time Interior T   Cut T     Ghost T      MPI      Total T   Cells fraction 
    8      1    0.5250  7671523 4.2371e-03 8.0273e-02 2.9069e-03 1.6129e-03 3.0282e-02 1.2694e-01         0.0032 
    8      2    0.5250  4475948 2.8587e-03 4.3845e-02 3.7441e-03 1.8648e-03 3.1334e-02 8.8059e-02         0.0074 
    8      3    0.5250  2080564 1.5145e-03 2.0522e-02 2.4077e-03 1.2403e-03 1.8682e-02 4.7402e-02         0.0101 
    8      4    0.5250  1900403 1.5350e-03 1.7867e-02 3.5006e-03 1.7325e-03 2.2172e-02 4.9410e-02         0.0172 
    8      5    0.5250  1467227 1.6178e-02 1.3245e-02 3.5388e-03 1.7337e-03 2.6819e-02 4.8935e-02         0.0234 
    8      6    0.5250  1182277 1.2442e-03 1.0643e-02 3.2473e-03 1.5946e-03 1.9058e-02 3.7871e-02         0.0260 
    8      7    0.5250  1124561 3.7966e-03 1.0613e-02 4.5178e-03 2.1811e-03 1.4769e-02 3.5471e-02         0.0359 
    8      8    0.5250   929546 1.2691e-02 8.6823e-03 3.8212e-03 1.8462e-03 8.7121e-03 2.6206e-02         0.0381 
    8      9    0.5250   806057 1.0275e-03 7.2888e-03 3.6407e-03 1.7605e-03 1.7034e-02 3.2641e-02         0.0430 
    8     10    0.5250   743851 2.8732e-03 6.7813e-03 4.0454e-03 1.9133e-03 8.2931e-03 2.3874e-02         0.0495 
    8     11    0.5250   674137 8.8698e-03 6.2088e-03 3.8803e-03 1.8480e-03 1.2479e-02 2.7177e-02         0.0524 
    8     12    0.5250   587864 5.8465e-03 5.7802e-03 3.8576e-03 1.8377e-03 6.7113e-03 2.1012e-02         0.0585 
    8     13    0.5250   552774 7.3820e-03 5.0101e-03 3.5892e-03 1.7203e-03 6.4034e-03 1.9355e-02         0.0604 
    8     14    0.5250   539076 6.0117e-04 5.1799e-03 4.1057e-03 1.9450e-03 5.5178e-03 1.9542e-02         0.0700 
    8     15    0.5250   486450 8.5923e-03 4.2985e-03 3.8416e-03 1.8517e-03 4.8858e-03 1.7473e-02         0.0737 
    8     16    0.5250   461944 3.8977e-03 4.0282e-03 3.8630e-03 1.8394e-03 5.1967e-03 1.7444e-02         0.0789 
    8     17    0.5250   425904 6.4155e-04 3.9176e-03 3.8822e-03 1.8998e-03 8.4876e-03 2.0750e-02         0.0825 
    8     18    0.5250   416168 4.6140e-03 3.8831e-03 4.0714e-03 2.0072e-03 5.3753e-03 1.7923e-02         0.0879 
    8     19    0.5250   395545 8.2204e-03 3.4026e-03 3.9067e-03 1.8568e-03 3.2707e-03 1.4867e-02         0.0931 
    8     20    0.5250   372925 1.0360e-02 3.2630e-03 3.9736e-03 1.9062e-03 7.6595e-03 1.9243e-02         0.0973 
    8     21    0.5250   357276 4.8901e-03 3.0449e-03 3.9805e-03 1.9440e-03 3.7200e-03 1.5083e-02         0.1026 
    8     22    0.5250   324363 9.7188e-03 2.6845e-03 3.5792e-03 1.6618e-03 4.5179e-02 5.5515e-02         0.1026 
    8     23    0.5250   329474 5.1161e-03 2.7594e-03 3.9868e-03 1.9260e-03 2.1233e-03 1.3131e-02         0.1126 
    8     24    0.5250   316689 9.3004e-03 2.6370e-03 3.9193e-03 1.8619e-03 8.0286e-03 1.8717e-02         0.1174 
    8     25    0.5250   302605 4.0850e-04 2.5097e-03 3.8700e-03 1.8346e-03 2.4785e-03 1.2960e-02         0.1211 
    8     26    0.5250   292247 2.2918e-03 2.4034e-03 3.8766e-03 1.8437e-03 7.5189e-03 1.7895e-02         0.1256 
    8     27    0.5250   273044 6.8327e-03 2.3706e-03 3.9981e-03 1.9017e-03 6.1225e-03 1.6783e-02         0.1301 
    8     28    0.5250   270900 7.5232e-03 2.1577e-03 3.7565e-03 1.7813e-03 2.1663e-03 1.2108e-02         0.1338 
    8     29    0.5250   262964 7.3520e-03 2.1157e-03 3.8128e-03 1.8308e-03 7.7353e-03 1.7734e-02         0.1392 
    8     30    0.5250   252619 8.7450e-03 2.0271e-03 3.7586e-03 1.7810e-03 2.5170e-03 1.2309e-02         0.1415 