Cycle NBalls Mesh size   DOFs   VMULT Time Cells fraction 
    6      1    0.5250 16974593 3.6403e+01         0.0000 
    6      2    0.5250 16548776 4.3053e+01         0.0174 
    6      3    0.5250 14881917 4.2452e+01         0.0423 
    6      4    0.5250 13619428 4.1788e+01         0.0583 
    6      5    0.5250 12543825 3.9962e+01         0.0703 
    6      6    0.5250 11991687 4.4860e+01         0.0775 
    6      7    0.5250 11342465 3.8651e+01         0.0818 
    6      8    0.5250 10939290 3.8965e+01         0.0854 
    6      9    0.5250 10609240 3.8386e+01         0.0883 
    6     10    0.5250 10368905 3.9524e+01         0.0908 
    6     11    0.5250 10152377 3.9183e+01         0.0929 
    6     12    0.5250  9944806 3.8828e+01         0.0960 
    6     13    0.5250  9778545 4.0043e+01         0.0965 
    6     14    0.5250  9651358 3.8807e+01         0.0979 
    6     15    0.5250  9520720 3.8826e+01         0.1114 
    6     16    0.5250  9429758 3.8639e+01         0.1111 
    6     17    0.5250  9326717 3.8466e+01         0.1016 
    6     18    0.5250  9246709 3.9371e+01         0.1024 
    6     19    0.5250  9174538 3.8661e+01         0.1034 
    6     20    0.5250  9107434 3.8635e+01         0.1040 
    6     21    0.5250  9051166 4.1103e+01         0.1124 
    6     22    0.5250  8989303 3.8224e+01         0.1082 
    6     23    0.5250  8944787 3.8769e+01         0.1085 
    6     24    0.5250  8894485 3.8180e+01         0.1069 
    6     25    0.5250  8851572 3.8081e+01         0.1072 
    6     26    0.5250  8813212 3.8305e+01         0.1132 
    6     27    0.5250  8778292 3.8006e+01         0.1083 
    6     28    0.5250  8743512 3.7939e+01         0.1133 
    6     29    0.5250  8714455 3.8275e+01         0.1179 
