Cycle NBalls Mesh size   DOFs   VMULT Time Cells fraction 
    5      1    0.5250 16974593 1.5692e+01         0.0000 
    5      2    0.5250 16581557 2.5025e+01         0.0346 
    5      3    0.5250 14973921 3.0494e+01         0.0831 
    5      4    0.5250 13738757 3.2889e+01         0.1132 
    5      5    0.5250 12677921 2.5090e+01         0.1355 
    5      6    0.5250 12137018 3.1282e+01         0.1490 
    5      7    0.5250 11489613 2.5652e+01         0.1574 
    5      8    0.5250 11090056 2.6885e+01         0.1632 
    5      9    0.5250 10762552 2.5505e+01         0.1692 
    5     10    0.5250 10522643 2.8017e+01         0.1735 
    5     11    0.5250 10311552 2.7571e+01         0.1778 
    5     12    0.5250 10100742 2.5300e+01         0.1826 
    5     13    0.5250  9932929 2.6360e+01         0.1838 
    5     14    0.5250  9805829 2.5213e+01         0.1868 
    5     17    0.5250  9485672 2.4920e+01         0.1932 
    5     18    0.5250  9406422 2.5343e+01         0.1937 
    5     19    0.5250  9334441 2.5129e+01         0.1965 
    5     20    0.5250  9269210 2.5975e+01         0.1975 
    5     24    0.5250  9055641 2.4461e+01         0.2023 
    5     25    0.5250  9011010 2.4718e+01         0.2035 
    5     22    0.5250  9146887 2.4873e+01         0.2044 
    5     27    0.5250  8942694 2.4055e+01         0.2044 
    5     23    0.5250  9104049 2.4602e+01         0.2047 
    5     16    0.5250  9591917 2.5880e+01         0.2101 
    5     15    0.5250  9678194 2.5021e+01         0.2110 
    5     21    0.5250  9215100 2.5262e+01         0.2131 
    5     26    0.5250  8974932 2.4327e+01         0.2136 
    5     28    0.5250  8895685 2.4301e+01         0.2142 
    5     29    0.5250  8870463 2.4278e+01         0.2220
