Cycle NBalls Mesh size  DOFs   VMULT Time Interior T   Cut T     Ghost T      MPI      Total T   Cells fraction 
    8      1    0.5250 3410901 2.6366e-03 4.9438e-02 1.7337e-03 9.3383e-04 3.2904e-02 9.5760e-02         0.0032 
    8      2    0.5250 1990872 1.3962e-03 2.7657e-02 2.3883e-03 1.2106e-03 6.8182e-03 4.5205e-02         0.0074 
    8      3    0.5250  925477 1.3355e-03 1.2601e-02 1.4958e-03 7.7657e-04 4.1227e-03 2.3449e-02         0.0101 
    8      4    0.5250  845940 7.3202e-04 1.1540e-02 2.3095e-03 1.1975e-03 3.4009e-03 2.2624e-02         0.0172 
    8      5    0.5250  653495 9.2900e-03 8.9433e-03 2.4210e-03 1.2375e-03 4.2153e-03 2.0438e-02         0.0234 
    8      6    0.5250  526636 5.4708e-04 6.9953e-03 2.1404e-03 1.1062e-03 6.1540e-03 1.9623e-02         0.0260 
    8      7    0.5250  501306 1.7967e-03 6.7077e-03 2.8077e-03 1.4267e-03 3.4449e-03 1.7640e-02         0.0359 
    8      8    0.5250  414496 6.1959e-03 5.4276e-03 2.4677e-03 1.2522e-03 2.7752e-03 1.4802e-02         0.0381 
    8      9    0.5250  359538 4.7693e-04 4.5321e-03 2.3542e-03 1.1978e-03 4.3183e-03 1.5046e-02         0.0430 
    8     10    0.5250  331972 1.4976e-03 4.2484e-03 2.5873e-03 1.3090e-03 2.7183e-03 1.3473e-02         0.0495 
    8     11    0.5250  300944 5.5774e-03 3.9334e-03 2.4361e-03 1.2218e-03 6.5099e-03 1.6639e-02         0.0524 
    8     12    0.5250  262553 3.2166e-03 3.3250e-03 2.3836e-03 1.2031e-03 2.0931e-03 1.1445e-02         0.0585 
    8     13    0.5250  246974 5.1699e-03 3.1725e-03 2.3220e-03 1.1765e-03 7.9151e-03 1.7017e-02         0.0604 
    8     14    0.5250  241007 4.1365e-04 2.9288e-03 2.5462e-03 1.2829e-03 4.0132e-03 1.3091e-02         0.0700 
    8     15    0.5250  217551 3.1121e-03 2.6646e-03 2.4366e-03 1.2269e-03 2.5812e-03 1.1219e-02         0.0737 
    8     16    0.5250  206670 2.1063e-03 2.8002e-03 2.6677e-03 1.3475e-03 6.6885e-03 1.5943e-02         0.0789 
    8     17    0.5250  190607 4.4795e-04 2.3094e-03 2.3977e-03 1.2077e-03 1.6386e-03 9.7588e-03         0.0825 
    8     18    0.5250  186325 3.4069e-03 2.3709e-03 2.5749e-03 1.3011e-03 5.9509e-03 1.4479e-02         0.0878 
    8     19    0.5250  177175 4.4720e-03 2.0931e-03 2.4748e-03 1.2404e-03 2.7529e-03 1.0690e-02         0.0931 
    8     20    0.5250  167097 5.6379e-03 2.0448e-03 2.4661e-03 1.2361e-03 4.8238e-03 1.2687e-02         0.0971 
    8     21    0.5250  160169 2.1084e-03 1.8716e-03 2.4620e-03 1.2367e-03 2.5053e-03 1.0163e-02         0.1026 
    8     22    0.5250  145402 5.7316e-03 1.7986e-03 2.4655e-03 1.1661e-03 2.3170e-03 9.8376e-03         0.1026 
    8     23    0.5250  147829 3.0358e-03 1.6977e-03 2.4847e-03 1.2387e-03 2.9179e-03 1.0393e-02         0.1126 
    8     24    0.5250  142142 5.5340e-03 1.6342e-03 2.5006e-03 1.2435e-03 2.6826e-03 1.0105e-02         0.1173 
    8     25    0.5250  135867 2.9403e-04 1.5491e-03 2.4576e-03 1.2237e-03 2.1320e-03 9.3984e-03         0.1211 
    8     26    0.5250  131266 3.0781e-03 1.5079e-03 2.4728e-03 1.2513e-03 1.3863e-03 8.6646e-03         0.1255 
