Cycle NBalls Mesh size   DOFs   VMULT Time Cells fraction 
    5      1    0.5250  2146689 5.9452e+00         0.0000 
    5      2    0.5250  2097568 7.2634e+00         0.0346 
    5      3    0.5250  1896137 7.6192e+00         0.0831 
    5      4    0.5250  1741484 8.3920e+00         0.1132 
    5      5    0.5250  1607793 6.4201e+00         0.1355 
    5      6    0.5250  1540935 7.7186e+00         0.1490 
    5      7    0.5250  1458568 6.4127e+00         0.1574 
    5      8    0.5250  1408432 7.5117e+00         0.1632 
    5      9    0.5250  1367116 7.6539e+00         0.1692 
    5     10    0.5250  1337249 7.0137e+00         0.1735 
    5     11    0.5250  1310919 7.7433e+00         0.1778 
    5     12    0.5250  1283980 6.6363e+00         0.1824 
    5     13    0.5250  1262467 7.9511e+00         0.1838 
    5     14    0.5250  1246855 6.6760e+00         0.1868 
    5     17    0.5250  1206235 7.7751e+00         0.1932 
    5     18    0.5250  1196249 8.2688e+00         0.1937 
    5     19    0.5250  1187220 6.8986e+00         0.1965 
    5     20    0.5250  1179025 6.5637e+00         0.1975 
    5     24    0.5250  1152067 6.7048e+00         0.2023 
    5     25    0.5250  1146367 6.9030e+00         0.2035 
    5     22    0.5250  1163549 6.9187e+00         0.2043 
    5     27    0.5250  1137899 6.9327e+00         0.2044 
    5     23    0.5250  1158334 6.8520e+00         0.2047 
    5     16    0.5250  1219840 9.6682e+00         0.2099 
    5     15    0.5250  1230369 8.6479e+00         0.2106 
    5     21    0.5250  1172352 6.7620e+00         0.2129 
    5     26    0.5250  1141983 6.3777e+00         0.2133 
    5     28    0.5250  1131814 8.2543e+00         0.2138 
    5     29    0.5250  1128804 6.2544e+00         0.2215
