Cycle NBalls Mesh size   DOFs   VMULT Time Cells fraction 
    8      1    0.5250 1050625 1.5363e+00         0.0000 
    8      2    0.5250 1050625 1.4239e+00         0.0000 
    8      3    0.5250 1028313 1.3892e+00         0.0082 
    8      4    0.5250  994933 1.4237e+00         0.0137 
    8      5    0.5250  967017 1.3822e+00         0.0187 
    8      6    0.5250  950273 1.4474e+00         0.0249 
    8      7    0.5250  929573 1.4012e+00         0.0278 
    8     10    0.5250  898330 1.3814e+00         0.0284 
    8      8    0.5250  910034 1.4515e+00         0.0307 
    8      9    0.5250  897313 1.3816e+00         0.0333 
    8     11    0.5250  886109 1.3841e+00         0.0380 
    8     12    0.5250  874761 1.3799e+00         0.0400 
    8     14    0.5250  867521 1.4050e+00         0.0438 
    8     15    0.5250  861528 1.3776e+00         0.0453 
    8     16    0.5250  852783 1.4024e+00         0.0470 
    8     18    0.5250  839092 1.4091e+00         0.0499 
    8     20    0.5250  837006 1.4298e+00         0.0507 
    8     17    0.5250  844661 1.3928e+00         0.0534 
    8     13    0.5250  879172 1.4142e+00         0.0543 
    8     19    0.5250  834910 1.3958e+00         0.0647 
    8     21    0.5250  833240 1.3939e+00         0.0661 
    8     25    0.5250  818515 1.4342e+00         0.0721 
    8     23    0.5250  823768 1.4664e+00         0.0781 
    8     24    0.5250  820783 1.4941e+00         0.0840 
    8     22    0.5250  831254 1.3858e+00         0.0851 
    8     28    0.5250  809264 1.4063e+00         0.0865 
    8     26    0.5250  816154 1.3918e+00         0.0944 
    8     29    0.5250  812037 1.4838e+00         0.0950 
    8     27    0.5250  816330 1.4412e+00         0.0979 