Cycle NBalls Mesh size   DOFs   VMULT Time Cells fraction 
    5      1    0.5250 57066625 4.4931e+01         0.0000 
    5      2    0.5250 55739998 6.6561e+01         0.0346 
    5      3    0.5250 50318569 8.0585e+01         0.0831 
    5      4    0.5250 46152244 8.6015e+01         0.1132 
    5      5    0.5250 42581665 7.0697e+01         0.1355 
    5      6    0.5250 40749018 8.6699e+01         0.1490 
    5      7    0.5250 38577274 7.2354e+01         0.1574 
    5      8    0.5250 37230599 7.2885e+01         0.1632 
    5      9    0.5250 36128606 7.0895e+01         0.1692 
    5     10    0.5250 35317791 7.6732e+01         0.1735 
    5     11    0.5250 34604996 7.5277e+01         0.1778 
    5     12    0.5250 33898618 7.0020e+01         0.1829 
    5     13    0.5250 33336787 7.1973e+01         0.1838 
    5     14    0.5250 32905751 7.0254e+01         0.1868 
    5     17    0.5250 31830523 6.8752e+01         0.1932 
    5     18    0.5250 31563919 6.9583e+01         0.1937 
    5     19    0.5250 31320920 6.8821e+01         0.1965 
    5     20    0.5250 31101174 7.3162e+01         0.1975 
    5     24    0.5250 30382721 6.7280e+01         0.2023 
    5     25    0.5250 30233175 6.8967e+01         0.2035 
    5     22    0.5250 30690149 6.8445e+01         0.2043 
    5     27    0.5250 30002109 6.6632e+01         0.2044 
    5     23    0.5250 30544134 6.8301e+01         0.2047 
    5     16    0.5250 32186173 7.1231e+01         0.2099 
    5     15    0.5250 32479559 7.0366e+01         0.2110 
    5     21    0.5250 30917677 7.0366e+01         0.2130 
    5     26    0.5250 30110001 6.7446e+01         0.2135 
    5     28    0.5250 29845186 6.6763e+01         0.2142 
    5     29    0.5250 29758169 6.6713e+01         0.2219 
